50 886.82
100 1731.40
150 2516.28
200 3750.38
250 4602.76
300 2658.14
350 3104.58
400 4345.90
450 3737.58
500 3194.22
550 3594.24
600 4349.52
650 6714.16
700 4630.58
750 4826.36
800 5167.42
850 5797.08
900 5805.62
950 7342.72
1000 6421.00
1050 6714.70
1100 8231.74
1150 8252.04
1200 7596.20
1250 8295.36
1300 9448.00
1350 8774.30
1400 9315.16
1450 10672.14
1500 9766.84
1550 10048.98
1600 12157.96
1650 10685.74
1700 12274.88
1750 12289.12
1800 11780.64
1850 13613.88
1900 12723.54
1950 14768.52
2000 13192.48
2050 14764.60
2100 13916.54
2150 16257.14
2200 16034.64
2250 15090.48
2300 15245.40
2350 15175.60
2400 16193.86
2450 16338.60
2500 17263.84
2550 18404.96
2600 17196.30
2650 18536.82
2700 17623.30
2750 18807.64
2800 17903.04
2850 18399.56
2900 20374.94
2950 20368.84
3000 19470.78
3050 20266.08
3100 21856.66
3150 20621.08
3200 22088.88
3250 22889.48
3300 23416.88
3350 21955.44
3400 22936.40
3450 23278.72
3500 23381.30
3550 22821.24
3600 26801.34
3650 23720.94
3700 24953.04
3750 24448.50
3800 25575.36
3850 25110.88
3900 25454.06
3950 25974.06
4000 28196.98
4050 26209.48
4100 28128.32
4150 27373.00
4200 30020.08
4250 29561.94
4300 28821.64
4350 29190.22
4400 29355.66
4450 29164.00
4500 30668.32
4550 31055.14
4600 33004.10
4650 33176.64
4700 32147.90
4750 33345.54
4800 33092.52
4850 32856.62
4900 32124.50
4950 33732.40
5000 33370.40
