64.54
63.70
62.54
63.42
57.28
56.86
71.06
25.82
27.02
25.80
25.66
25.06
29.82
30.06
26.08
31.66
30.64
28.32
28.22
36.66
27.90
28.68
26.68
33.28
36.48
47.54
36.14
28.68
26.42
26.48
28.00
25.60
29.50
27.48
27.64
28.44
28.42
27.62
28.88
29.44
29.86
29.88
29.46
28.04
28.62
25.88
27.04
32.08
28.42
27.00
28.62
27.70
27.84
27.44
42.28
32.48
29.26
28.88
30.44
26.82
32.88
28.80
32.26
29.30
28.22
27.24
27.82
29.66
36.86
29.26
32.50
42.92
27.82
32.66
29.94
28.44
31.14
27.24
32.30
43.66
30.64
36.48
33.70
29.24
32.22
28.68
33.24
32.24
46.08
35.42
31.84
29.32
30.46
29.06
39.44
36.06
41.04
38.64
27.68
29.02
