826.50 1133.20
1541.10 1954.94
2178.12 2763.12
2797.34 3544.06
2671.96 3348.92
2280.48 2796.14
2605.92 3218.40
2989.38 3678.48
3587.74 4354.12
2728.98 3306.46
2973.46 3666.86
3220.42 3956.04
3463.08 4247.40
3737.36 4557.80
4986.24 6095.10
5292.42 6814.52
4503.08 5544.38
7519.22 10199.84
6658.40 8757.58
5472.90 6871.24
7891.76 10649.20
6924.74 8772.04
6071.14 7617.62
9642.42 12911.82
7038.98 9382.14
6747.84 8412.16
7302.36 9114.44
9736.16 12654.66
9196.94 11248.18
10578.56 14345.00
9884.44 12644.88
8666.36 10209.46
9106.24 11004.34
12004.20 15676.14
9283.52 11711.50
10004.28 12438.78
9668.46 12075.82
10715.64 13632.14
10029.02 12475.44
10780.98 14014.60
10526.04 13021.10
10829.18 13428.20
12123.50 14608.66
11528.88 13951.02
12027.46 15536.20
11798.42 14572.90
12710.46 16402.06
12494.98 15316.86
12968.86 16029.36
12814.38 15851.56
13765.06 16943.96
13299.68 16456.74
13888.28 16769.86
15652.00 19153.94
14933.92 18512.44
14868.66 19653.92
15864.66 19350.82
15361.62 19025.22
15813.96 19726.38
17417.94 21610.42
16313.42 20080.10
16670.04 20496.94
16783.74 20691.24
16938.78 21174.34
16764.52 20904.34
17299.68 21744.40
17861.72 22152.74
17972.72 22116.90
18138.44 22412.32
17931.12 22153.24
19135.98 23342.78
18626.16 22906.16
20682.26 24817.38
20873.50 26366.52
21128.30 25531.66
20993.28 25883.20
20566.36 26421.26
21082.20 26510.96
20538.36 25555.18
23246.20 29483.04
21052.20 25993.34
23198.34 28421.88
23312.86 28956.32
24938.20 32010.58
25480.10 30131.60
25993.14 32264.40
22271.34 27522.38
23990.76 28688.04
23228.20 28744.98
25769.34 32119.20
25787.72 32725.20
24413.00 29899.08
24569.26 30376.28
24418.54 30108.62
24835.58 30754.14
24829.66 31160.16
25303.34 31395.42
25571.22 32115.32
26081.86 32412.36
26543.50 32521.94
