831.50 905.08
1531.30 1714.42
2156.00 2473.30
2761.02 3255.46
3346.26 4007.62
4004.24 10157.52
2436.72 2891.96
2152.02 2560.30
2407.70 2896.60
2638.36 3172.38
2908.88 3490.88
3888.46 4772.18
3395.94 4085.40
3643.62 4391.98
3890.68 4718.40
4145.22 5119.78
4830.84 5951.18
4640.48 5662.60
4902.94 5996.26
5257.04 6347.58
5392.46 6628.62
5610.98 6957.80
6513.80 7969.32
6111.74 7648.98
6377.92 7881.80
7117.90 8851.24
6895.12 8556.40
7146.36 8906.42
7381.38 9164.04
7637.84 9567.32
8603.40 10532.64
8126.58 10183.96
8935.82 11113.94
8626.90 10815.14
8880.58 11087.88
9136.88 11554.32
10469.10 12491.08
9632.24 12133.30
10494.24 12836.44
10183.64 12799.24
11265.14 13506.46
10875.52 13372.42
10813.54 13972.76
11755.40 14684.50
11810.46 14758.12
11637.64 14584.44
11964.88 15403.04
12870.98 16079.84
12379.06 15567.88
13412.02 16653.70
12859.84 16106.10
13736.76 17468.06
13379.50 16939.50
14263.84 18135.32
14293.06 17944.04
14097.88 17943.64
15043.42 18572.04
14657.88 18487.08
15749.10 19611.50
15924.92 19598.64
15988.06 19995.96
16363.12 20489.34
15922.68 20040.50
16621.38 21010.32
16951.64 21233.74
16637.46 20991.76
17455.88 21878.12
17650.96 22467.12
17688.30 22268.16
18229.34 22804.98
18427.52 23063.12
18120.66 23117.62
19114.26 24066.28
19367.42 24248.70
19464.00 24545.80
19867.10 25157.94
20058.28 24990.58
19633.60 24696.48
20500.26 25924.12
21223.18 26282.52
20403.68 25881.18
21504.86 27078.86
22106.88 27327.16
21211.58 26897.16
22306.24 27856.42
22424.74 27950.54
22682.34 28324.12
22703.00 28773.46
24761.20 30712.30
25188.60 31199.16
24951.96 32613.42
24851.20 31187.20
32959.48 40606.14
25838.72 32549.86
24428.40 30840.34
24697.02 31983.36
25233.68 31910.62
25421.86 32019.48
25282.54 32133.62
25748.38 32628.28
