1061.96 1073.20
1903.76 2520.26
2641.94 4436.68
3465.82 5190.54
4261.90 7867.24
4942.60 8850.02
3001.86 5355.86
2612.66 4276.38
2921.58 6522.18
3071.82 6798.34
3504.10 7307.50
4732.62 8960.14
4356.76 7820.82
4412.38 8108.20
4733.64 8194.62
5003.74 8892.96
6101.74 13284.56
5589.06 12570.56
5897.44 12699.12
6458.48 13119.10
6496.70 13971.42
6789.22 13944.82
7959.30 15549.76
7388.20 14489.92
7672.66 14696.80
8727.86 16277.80
8306.26 15427.20
8591.00 15667.64
8902.46 16300.90
9291.10 16516.94
10423.72 17602.08
9912.78 17135.56
10781.68 24599.40
10353.80 23313.46
10838.88 24206.80
10982.04 24036.32
12307.94 25673.34
11837.16 25117.08
12726.36 25898.32
12175.70 26327.74
13139.90 27348.72
12823.02 26532.68
13049.40 27203.18
14352.98 28684.66
14171.80 28326.28
14063.60 28048.30
14231.00 28376.98
15704.68 29854.94
15512.16 28887.70
16223.28 28756.26
15429.58 29810.02
16706.52 30913.70
16036.76 30213.34
17191.06 31346.06
17492.68 31929.34
16943.58 30934.10
18182.10 31807.96
17874.24 31378.68
18914.70 33495.72
19210.42 33153.22
19365.04 32054.62
19807.62 33750.76
19506.50 33522.30
19965.06 34602.92
20379.08 45601.74
19935.70 45053.84
21172.62 45954.46
21216.52 46463.44
21496.22 46715.88
22500.56 47532.28
22251.84 50225.08
21753.78 47083.42
23225.78 48467.76
22973.12 48266.62
23765.32 49134.00
23725.32 49451.60
23933.90 50430.86
23528.70 49297.80
25022.04 50534.68
24963.80 50651.06
24433.30 50569.14
25967.68 51624.28
26441.44 52791.30
25494.26 50912.02
26955.40 53706.36
26753.32 53518.06
27163.60 53071.00
27531.66 54029.06
30113.58 57440.38
31452.68 58677.88
30903.36 56556.34
30934.92 57638.16
39699.48 74785.12
31127.32 59532.74
29531.06 57360.08
29657.08 56681.28
30094.12 56857.70
30579.66 57692.80
30751.80 57888.16
31210.42 58337.86
