829.80
1480.20
2139.78
2757.86
3066.22
3573.68
5336.08
2088.08
2430.26
2645.38
2895.54
3162.88
3723.80
3961.60
3944.84
5138.64
4536.78
4685.36
5074.26
7964.58
5841.30
5989.46
6018.18
7008.04
7809.28
8412.70
7388.42
7594.72
7496.68
7764.82
8042.14
8421.30
8902.78
8763.08
9032.18
9460.46
9990.72
9917.56
10370.28
10485.48
10878.40
11008.28
11384.74
11333.46
11837.40
11823.78
12310.12
13069.50
12793.74
12807.04
13667.50
13407.40
14061.74
13867.82
14558.50
14661.74
14899.78
15115.34
15586.58
15372.64
16383.04
15894.80
17873.98
17038.22
16978.78
16874.68
17817.90
19268.06
18011.48
18092.00
19703.96
20686.94
18668.18
19729.28
19617.30
19595.66
20143.54
19883.64
23137.96
21282.72
21507.40
23434.84
21814.36
25547.58
24873.20
22196.00
24003.48
24053.24
24855.26
24104.34
23542.86
23844.86
24106.86
24294.78
25136.56
26284.80
26328.72
26894.94
25362.72
26355.72
