66.48
65.16
64.14
62.50
57.32
57.34
74.96
27.06
27.46
26.24
25.88
27.26
29.00
30.64
29.08
38.24
29.66
28.66
26.86
52.44
28.06
29.26
30.42
34.04
41.48
46.62
33.08
27.88
26.42
25.84
29.04
25.86
29.22
27.00
26.04
27.64
34.88
26.90
28.86
26.84
28.70
28.30
28.22
30.28
28.46
27.26
30.30
29.84
28.04
26.64
29.68
33.88
27.64
28.08
28.24
31.92
27.80
34.68
32.04
27.28
30.06
29.24
34.28
34.08
28.26
27.48
30.88
32.70
32.32
31.02
36.28
51.24
28.66
49.28
29.42
28.64
35.22
27.62
33.04
42.46
35.28
35.06
38.64
40.66
30.28
31.62
41.48
40.72
45.24
35.76
34.90
31.86
28.04
31.26
33.64
56.74
52.68
50.84
28.06
28.72
